2.33296938850099
2.32699704189113
2.31925392338334
2.31196354288645
2.30448837352964
2.29700503526225
2.28995219894965
2.28202134262185
2.2743957220419
2.2670942527474
2.259801659866
2.25258849177667
2.2449076889779
2.2376517956636
2.22991466615571
2.22312976438723
2.2157194980607
2.20636976226911
2.19804919918373
2.19019438337027
2.18179501281919
2.17396380436256
2.16573978624441
2.15752627386693
2.14932690287251
2.14219855987631
2.1341484087553
2.12393979706441
2.1158201204882
2.10584556901248
2.09385226375148
2.08877730735538
2.0807743527248
2.07287826885501
2.06305174574709
2.05418007621653
2.04517818982652
2.0360976775379
2.02693754622479
2.01746324502132
2.00831480616307
2.0000043429231
1.99066538539903
1.98054677726356
1.97116250907368
1.96163743748354
1.95196664415804
1.94408574306629
1.93287751140159
1.92348040120274
1.91365298534003
1.90405326880074
1.89439165879714
1.88506512028198
1.8752908807645
1.86471076314374
1.8548867697474
1.84466159058572
1.83445687006744
1.82537220737592
1.81488463528462
1.80373163135894
1.78992409203485
1.78336557817682
1.77395264414128
1.76485388006458
1.7555604040859
1.74420495718741
1.73411750751957
1.72396240893896
1.71403427192496
1.70303137720882
1.69279208723877
1.68255826309709
1.67259459144611
1.66279363117724
1.65202188140564
1.64180916138
1.63163457313525
1.62114315776526
1.61031748880601
1.59982658829425
1.59040513708814
1.57861436623806
1.56756549809952
1.55707196758941
1.54640499992222
1.53600062206745
1.52506881572785
1.51385463962064
1.50278523110289
1.48909127398694
1.48168427552422
1.47082001072103
1.46115128256115
1.45018553034598
1.44026150071918
1.42965343043333
1.41790961983053
1.40792403690977
1.39624099550921
1.38523777124334
1.37426966203449
1.36295153836613
1.35173641340365
1.34098717869518
1.32918228560739
1.31887491565271
1.30883979911514
1.29642187333615
1.28466561799013
1.2741212561019
1.26240167702273
1.25138073037115
1.24042248568231
1.22891145756171
1.21763989373203
1.20555933039536
1.191497962682
1.18255536159452
1.17245501824625
1.16064662436676
1.1496404818327
1.13790574537196
1.12709475113744
1.11536723864163
1.10510782471922
1.09362106461305
1.08270266703021
1.07163155329243
1.06093188088838
1.04982638417402
1.03842943579238
1.02793854384633
1.01748005695648
1.00563966914666
0.993544504029914
0.983319827786307
0.971308697975787
0.962533124258717
0.951031850593408
0.939392490018331
0.927701963473704
0.916701978303468
0.904174111064787
0.889047495803683
0.881575282190753
0.870145827255236
0.859879029346751
0.847748007149446
0.838201509391219
0.827593406808463
0.815791522648931
0.803719661521457
0.792897278114712
0.781609843674171
0.770730392159689
0.757716620206625
0.747167011247976
0.736284926059879
0.72555237445248
0.716450019576346
0.703933916396713
0.693669977003894
0.681341023163876
0.672222953689491
0.659510130260349
0.65008691935556
0.637575279100248
0.628284789076428
0.616224001898581
0.604870102873864
0.590219695378735
0.583182558493342
0.573094498308313
0.564945011811861
0.553729298012197
0.540687151072055
0.531508805692794
0.519670123314521
0.51073570939649
0.497160979658098
0.489473035222791
0.476222638985933
0.467633851750569
0.455623149369229
0.445524341784595
0.434556928837429
0.423305360012451
0.433297692025382
0.42179717781291
0.413297751901385
0.401323153640154
0.394712354387306
0.380548412841371
0.374815042656911
0.362044377955845
0.356143311270265
0.344783159271614
0.335493405068692
0.32420320476133
0.315653425664058
0.304877041538551
0.291963045327363
0.286545609982549
0.276308969966461
0.271505653196171
